1
vertices 438
-6.06813e-09 0.0273149 0.16202 2.45189e-08 1 -0 0.463379 0.933105
0.0172435 0.0136574 0.16202 0.9217 0.387903 -0 0.463379 0.941895
-6.06813e-09 0.0273149 0.17997 2.24723e-08 0.91653 0.399967 0.470215 0.933105
-6.06813e-09 0.0273149 0.17997 2.24723e-08 0.91653 0.399967 0.470215 0.933105
0.0172435 0.0136574 0.16202 0.9217 0.387903 -0 0.463379 0.941895
0.0172435 0.0136574 0.17997 0.849487 0.357511 0.388019 0.470215 0.941895
-6.06813e-09 0.0273149 0.17997 2.24723e-08 0.91653 0.399967 0.290527 0.876465
0.0172435 0.0136574 0.17997 0.849487 0.357511 0.388019 0.299316 0.876465
-6.06813e-09 -9.30905e-09 0.17997 0 0 1 0.290527 0.88623
0.0172435 0.0136574 0.17997 0.849487 0.357511 0.388019 0.470215 0.941895
0.0172435 0.0136574 0.16202 0.9217 0.387903 -0 0.463379 0.941895
0.0172435 -0.0136575 0.17997 0.849486 -0.357511 0.388019 0.470215 0.95166
0.0172435 -0.0136575 0.17997 0.849486 -0.357511 0.388019 0.470215 0.95166
0.0172435 0.0136574 0.16202 0.9217 0.387903 -0 0.463379 0.941895
0.0172435 -0.0136575 0.16202 0.9217 -0.387903 -0 0.463379 0.95166
-6.06813e-09 -0.027315 0.16202 2.45189e-08 -1 -0 0.463379 0.961426
-6.06813e-09 -0.027315 0.17997 2.24723e-08 -0.916529 0.399968 0.470215 0.961426
0.0172435 -0.0136575 0.16202 0.9217 -0.387903 -0 0.463379 0.95166
0.0172435 -0.0136575 0.16202 0.9217 -0.387903 -0 0.463379 0.95166
-6.06813e-09 -0.027315 0.17997 2.24723e-08 -0.916529 0.399968 0.470215 0.961426
0.0172435 -0.0136575 0.17997 0.849486 -0.357511 0.388019 0.470215 0.95166
-6.06813e-09 -9.30905e-09 0.17997 0 0 1 0.290527 0.88623
0.0172435 -0.0136575 0.17997 0.849486 -0.357511 0.388019 0.299316 0.89502
-6.06813e-09 -0.027315 0.17997 2.24723e-08 -0.916529 0.399968 0.290527 0.89502
-6.06813e-09 -9.30905e-09 0.17997 0 0 1 0.290527 0.88623
0.0172435 0.0136574 0.17997 0.849487 0.357511 0.388019 0.299316 0.876465
0.0172435 -0.0136575 0.17997 0.849486 -0.357511 0.388019 0.299316 0.89502
-6.06813e-09 0.0273149 0.16202 2.45189e-08 1 -0 0.463379 0.933105
-6.06813e-09 0.0273149 0.17997 2.24723e-08 0.91653 0.399967 0.470215 0.933105
-0.0172435 0.0136574 0.16202 -0.9217 0.387903 -0 0.463379 0.941895
-0.0172435 0.0136574 0.16202 -0.9217 0.387903 -0 0.463379 0.941895
-6.06813e-09 0.0273149 0.17997 2.24723e-08 0.91653 0.399967 0.470215 0.933105
-0.0172435 0.0136574 0.17997 -0.849487 0.357511 0.388019 0.470215 0.941895
-6.06813e-09 0.0273149 0.17997 2.24723e-08 0.91653 0.399967 0.290527 0.876465
-6.06813e-09 -9.30905e-09 0.17997 0 0 1 0.290527 0.88623
-0.0172435 0.0136574 0.17997 -0.849487 0.357511 0.388019 0.299316 0.876465
-0.0172435 0.0136574 0.17997 -0.849487 0.357511 0.388019 0.470215 0.941895
-0.0172435 -0.0136575 0.17997 -0.849486 -0.357511 0.388019 0.470215 0.95166
-0.0172435 0.0136574 0.16202 -0.9217 0.387903 -0 0.463379 0.941895
-0.0172435 0.0136574 0.16202 -0.9217 0.387903 -0 0.463379 0.941895
-0.0172435 -0.0136575 0.17997 -0.849486 -0.357511 0.388019 0.470215 0.95166
-0.0172435 -0.0136575 0.16202 -0.9217 -0.387903 -0 0.463379 0.95166
-6.06813e-09 -0.027315 0.16202 2.45189e-08 -1 -0 0.463379 0.961426
-0.0172435 -0.0136575 0.16202 -0.9217 -0.387903 -0 0.463379 0.95166
-6.06813e-09 -0.027315 0.17997 2.24723e-08 -0.916529 0.399968 0.470215 0.961426
-6.06813e-09 -0.027315 0.17997 2.24723e-08 -0.916529 0.399968 0.470215 0.961426
-0.0172435 -0.0136575 0.16202 -0.9217 -0.387903 -0 0.463379 0.95166
-0.0172435 -0.0136575 0.17997 -0.849486 -0.357511 0.388019 0.470215 0.95166
-6.06813e-09 -9.30905e-09 0.17997 0 0 1 0.290527 0.88623
-6.06813e-09 -0.027315 0.17997 2.24723e-08 -0.916529 0.399968 0.290527 0.89502
-0.0172435 -0.0136575 0.17997 -0.849486 -0.357511 0.388019 0.299316 0.89502
-6.06813e-09 -9.30905e-09 0.17997 0 0 1 0.290527 0.88623
-0.0172435 -0.0136575 0.17997 -0.849486 -0.357511 0.388019 0.299316 0.89502
-0.0172435 0.0136574 0.17997 -0.849487 0.357511 0.388019 0.299316 0.876465
-6.06813e-09 0.0657307 -0.150558 1.22751e-07 0.999902 -0.013973 0.452637 0.964355
-0.0240588 -9.30905e-09 -0.150558 -0.999988 0 -0.00490256 0.452637 0.981934
-6.06813e-09 0.0636888 -0.500328 6.29448e-08 0.999886 -0.0150798 0.366699 0.964355
-6.06813e-09 0.0636888 -0.500328 6.29448e-08 0.999886 -0.0150798 0.366699 0.964355
-0.0240588 -9.30905e-09 -0.150558 -0.999988 0 -0.00490256 0.452637 0.981934
-0.0213456 -9.30905e-09 -0.500328 -0.999987 -5.27697e-09 -0.00506192 0.366699 0.981934
-6.06813e-09 -0.0657307 -0.150558 0 -0.999902 -0.0139729 0.452637 0.998535
-6.06813e-09 -0.0636889 -0.500328 0 -0.999886 -0.0150798 0.366699 0.998535
-0.0240588 -9.30905e-09 -0.150558 -0.999988 0 -0.00490256 0.452637 0.981934
-0.0240588 -9.30905e-09 -0.150558 -0.999988 0 -0.00490256 0.452637 0.981934
-6.06813e-09 -0.0636889 -0.500328 0 -0.999886 -0.0150798 0.366699 0.998535
-0.0213456 -9.30905e-09 -0.500328 -0.999987 -5.27697e-09 -0.00506192 0.366699 0.981934
-6.06813e-09 -0.0657307 -0.150558 0 -0.999902 -0.0139729 0.452637 0.998535
0.0240588 -9.30905e-09 -0.150558 0.999988 1.07478e-08 -0.00490256 0.452637 0.981934
-6.06813e-09 -0.0636889 -0.500328 0 -0.999886 -0.0150798 0.366699 0.998535
-6.06813e-09 -0.0636889 -0.500328 0 -0.999886 -0.0150798 0.366699 0.998535
0.0240588 -9.30905e-09 -0.150558 0.999988 1.07478e-08 -0.00490256 0.452637 0.981934
0.0213456 -9.30905e-09 -0.500328 0.999987 5.27697e-09 -0.00506192 0.366699 0.981934
-6.06813e-09 0.0657307 -0.150558 1.22751e-07 0.999902 -0.013973 0.452637 0.964355
-6.06813e-09 0.0636888 -0.500328 6.29448e-08 0.999886 -0.0150798 0.366699 0.964355
0.0240588 -9.30905e-09 -0.150558 0.999988 1.07478e-08 -0.00490256 0.452637 0.981934
0.0240588 -9.30905e-09 -0.150558 0.999988 1.07478e-08 -0.00490256 0.452637 0.981934
-6.06813e-09 0.0636888 -0.500328 6.29448e-08 0.999886 -0.0150798 0.366699 0.964355
0.0213456 -9.30905e-09 -0.500328 0.999987 5.27697e-09 -0.00506192 0.366699 0.981934
-6.06813e-09 0.0636888 -0.500328 6.29448e-08 0.999886 -0.0150798 0.366699 0.964355
-0.0213456 -9.30905e-09 -0.500328 -0.999987 -5.27697e-09 -0.00506192 0.366699 0.981934
-6.06813e-09 0.0604183 -0.87722 -7.57977e-08 0.999499 -0.0316613 0.278809 0.964355
-6.06813e-09 0.0604183 -0.87722 -7.57977e-08 0.999499 -0.0316613 0.278809 0.964355
-0.0213456 -9.30905e-09 -0.500328 -0.999987 -5.27697e-09 -0.00506192 0.366699 0.981934
-0.0184624 -9.30905e-09 -0.87722 -0.999945 2.4328e-09 -0.010498 0.278809 0.981934
-6.06813e-09 -0.0636889 -0.500328 0 -0.999886 -0.0150798 0.366699 0.998535
-6.06813e-09 -0.0604183 -0.87722 -6.06381e-08 -0.999499 -0.0316614 0.278809 0.998535
-0.0213456 -9.30905e-09 -0.500328 -0.999987 -5.27697e-09 -0.00506192 0.366699 0.981934
-0.0213456 -9.30905e-09 -0.500328 -0.999987 -5.27697e-09 -0.00506192 0.366699 0.981934
-6.06813e-09 -0.0604183 -0.87722 -6.06381e-08 -0.999499 -0.0316614 0.278809 0.998535
-0.0184624 -9.30905e-09 -0.87722 -0.999945 2.4328e-09 -0.010498 0.278809 0.981934
-6.06813e-09 -0.0636889 -0.500328 0 -0.999886 -0.0150798 0.366699 0.998535
0.0213456 -9.30905e-09 -0.500328 0.999987 5.27697e-09 -0.00506192 0.366699 0.981934
-6.06813e-09 -0.0604183 -0.87722 -6.06381e-08 -0.999499 -0.0316614 0.278809 0.998535
-6.06813e-09 -0.0604183 -0.87722 -6.06381e-08 -0.999499 -0.0316614 0.278809 0.998535
0.0213456 -9.30905e-09 -0.500328 0.999987 5.27697e-09 -0.00506192 0.366699 0.981934
0.0184624 -9.30905e-09 -0.87722 0.999945 -6.9943e-09 -0.0104981 0.278809 0.981934
-6.06813e-09 0.0636888 -0.500328 6.29448e-08 0.999886 -0.0150798 0.366699 0.964355
-6.06813e-09 0.0604183 -0.87722 -7.57977e-08 0.999499 -0.0316613 0.278809 0.964355
0.0213456 -9.30905e-09 -0.500328 0.999987 5.27697e-09 -0.00506192 0.366699 0.981934
0.0213456 -9.30905e-09 -0.500328 0.999987 5.27697e-09 -0.00506192 0.366699 0.981934
-6.06813e-09 0.0604183 -0.87722 -7.57977e-08 0.999499 -0.0316613 0.278809 0.964355
0.0184624 -9.30905e-09 -0.87722 0.999945 -6.9943e-09 -0.0104981 0.278809 0.981934
-6.06813e-09 0.0604183 -0.87722 -7.57977e-08 0.999499 -0.0316613 0.278809 0.964355
-0.0184624 -9.30905e-09 -0.87722 -0.999945 2.4328e-09 -0.010498 0.278809 0.981934
-6.06813e-09 0.0433864 -0.93764 -5.52352e-07 0.902541 -0.430604 0.263184 0.968262
-0.0184624 -9.30905e-09 -0.87722 -0.999945 2.4328e-09 -0.010498 0.278809 0.981934
-6.06813e-09 -0.0604183 -0.87722 -6.06381e-08 -0.999499 -0.0316614 0.278809 0.998535
-6.06813e-09 -0.0433865 -0.93764 -5.52353e-07 -0.902541 -0.430603 0.263184 0.993652
-6.06813e-09 -0.0604183 -0.87722 -6.06381e-08 -0.999499 -0.0316614 0.278809 0.998535
0.0184624 -9.30905e-09 -0.87722 0.999945 -6.9943e-09 -0.0104981 0.278809 0.981934
-6.06813e-09 -0.0433865 -0.93764 -5.52353e-07 -0.902541 -0.430603 0.263184 0.993652
0.0184624 -9.30905e-09 -0.87722 0.999945 -6.9943e-09 -0.0104981 0.278809 0.981934
-6.06813e-09 0.0604183 -0.87722 -7.57977e-08 0.999499 -0.0316613 0.278809 0.964355
-6.06813e-09 0.0433864 -0.93764 -5.52352e-07 0.902541 -0.430604 0.263184 0.968262
-0.0128791 -9.30905e-09 -0.931753 -0.987168 0 -0.159682 0.26416 0.981934
-6.06813e-09 -0.0433865 -0.93764 -5.52353e-07 -0.902541 -0.430603 0.263184 0.993652
-6.06813e-09 -9.30905e-09 -0.986286 -4.50414e-07 -6.19319e-07 -1 0.251465 0.981934
-6.06813e-09 0.0433864 -0.93764 -5.52352e-07 0.902541 -0.430604 0.263184 0.968262
-0.0128791 -9.30905e-09 -0.931753 -0.987168 0 -0.159682 0.26416 0.981934
-6.06813e-09 -9.30905e-09 -0.986286 -4.50414e-07 -6.19319e-07 -1 0.251465 0.981934
0.0128791 -9.30905e-09 -0.931753 0.987169 -6.40178e-09 -0.159682 0.26416 0.981934
-6.06813e-09 0.0433864 -0.93764 -5.52352e-07 0.902541 -0.430604 0.263184 0.968262
-6.06813e-09 -9.30905e-09 -0.986286 -4.50414e-07 -6.19319e-07 -1 0.251465 0.981934
-6.06813e-09 -0.0433865 -0.93764 -5.52353e-07 -0.902541 -0.430603 0.263184 0.993652
0.0128791 -9.30905e-09 -0.931753 0.987169 -6.40178e-09 -0.159682 0.26416 0.981934
-6.06813e-09 -9.30905e-09 -0.986286 -4.50414e-07 -6.19319e-07 -1 0.251465 0.981934
-6.06813e-09 0.0433864 -0.93764 -5.52352e-07 0.902541 -0.430604 0.263184 0.968262
-0.0184624 -9.30905e-09 -0.87722 -0.999945 2.4328e-09 -0.010498 0.278809 0.981934
-0.0128791 -9.30905e-09 -0.931753 -0.987168 0 -0.159682 0.26416 0.981934
-0.0184624 -9.30905e-09 -0.87722 -0.999945 2.4328e-09 -0.010498 0.278809 0.981934
-6.06813e-09 -0.0433865 -0.93764 -5.52353e-07 -0.902541 -0.430603 0.263184 0.993652
-0.0128791 -9.30905e-09 -0.931753 -0.987168 0 -0.159682 0.26416 0.981934
-6.06813e-09 -0.0433865 -0.93764 -5.52353e-07 -0.902541 -0.430603 0.263184 0.993652
0.0184624 -9.30905e-09 -0.87722 0.999945 -6.9943e-09 -0.0104981 0.278809 0.981934
0.0128791 -9.30905e-09 -0.931753 0.987169 -6.40178e-09 -0.159682 0.26416 0.981934
0.0184624 -9.30905e-09 -0.87722 0.999945 -6.9943e-09 -0.0104981 0.278809 0.981934
-6.06813e-09 0.0433864 -0.93764 -5.52352e-07 0.902541 -0.430604 0.263184 0.968262
0.0128791 -9.30905e-09 -0.931753 0.987169 -6.40178e-09 -0.159682 0.26416 0.981934
0.0700016 -0.068737 -0.157261 0.864036 -0.138499 -0.484005 0.342285 0.929199
0.0432474 -0.0981712 -0.157261 0.189881 -0.333984 -0.923255 0.342285 0.949707
0.0700016 -0.068737 -0.12716 0.864036 -0.138499 0.484005 0.351074 0.929199
0.0700016 -0.068737 -0.12716 0.864036 -0.138499 0.484005 0.351074 0.929199
0.0432474 -0.0981712 -0.157261 0.189881 -0.333984 -0.923255 0.342285 0.949707
0.0432474 -0.0981712 -0.12716 0.189882 -0.333984 0.923255 0.351074 0.949707
0.0432474 -0.0981712 -0.157261 0.189881 -0.333984 -0.923255 0.342285 0.949707
-6.06813e-09 -0.108535 -0.157261 5.67383e-08 -0.334399 -0.942432 0.342285 0.961426
0.0432474 -0.0981712 -0.12716 0.189882 -0.333984 0.923255 0.351074 0.949707
0.0432474 -0.0981712 -0.12716 0.189882 -0.333984 0.923255 0.351074 0.949707
-6.06813e-09 -0.108535 -0.157261 5.67383e-08 -0.334399 -0.942432 0.342285 0.961426
-6.06813e-09 -0.108535 -0.12716 1.27191e-07 -0.334399 0.942432 0.351074 0.961426
-6.06813e-09 -0.108535 -0.157261 5.67383e-08 -0.334399 -0.942432 0.342285 0.961426
-0.0432474 -0.0981712 -0.157261 -0.18988 -0.333984 -0.923255 0.342285 0.949707
-6.06813e-09 -0.108535 -0.12716 1.27191e-07 -0.334399 0.942432 0.351074 0.961426
-6.06813e-09 -0.108535 -0.12716 1.27191e-07 -0.334399 0.942432 0.351074 0.961426
-0.0432474 -0.0981712 -0.157261 -0.18988 -0.333984 -0.923255 0.342285 0.949707
-0.0432474 -0.0981712 -0.12716 -0.189881 -0.333984 0.923255 0.351074 0.949707
-0.0432474 -0.0981712 -0.157261 -0.18988 -0.333984 -0.923255 0.342285 0.949707
-0.0700016 -0.068737 -0.157261 -0.864035 -0.138499 -0.484005 0.342285 0.929199
-0.0432474 -0.0981712 -0.12716 -0.189881 -0.333984 0.923255 0.351074 0.949707
-0.0432474 -0.0981712 -0.12716 -0.189881 -0.333984 0.923255 0.351074 0.949707
-0.0700016 -0.068737 -0.157261 -0.864035 -0.138499 -0.484005 0.342285 0.929199
-0.0700016 -0.068737 -0.12716 -0.864035 -0.138499 0.484005 0.351074 0.929199
-0.0700016 -0.068737 -0.157261 -0.864035 -0.138499 -0.484005 0.342285 0.929199
-0.0700016 0.0687369 -0.157261 -0.780718 0.125144 -0.612224 0.342285 0.898926
-0.0700016 -0.068737 -0.12716 -0.864035 -0.138499 0.484005 0.351074 0.929199
-0.0700016 -0.068737 -0.12716 -0.864035 -0.138499 0.484005 0.351074 0.929199
-0.0700016 0.0687369 -0.157261 -0.780718 0.125144 -0.612224 0.342285 0.898926
-0.0700016 0.0687369 -0.12716 -0.780718 0.125144 0.612224 0.351074 0.898926
-0.0700016 0.0687369 -0.157261 -0.780718 0.125144 -0.612224 0.342285 0.898926
-0.0432474 0.0981711 -0.157261 -0.171034 0.300833 -0.938215 0.342285 0.888184
-0.0700016 0.0687369 -0.12716 -0.780718 0.125144 0.612224 0.351074 0.898926
-0.0700016 0.0687369 -0.12716 -0.780718 0.125144 0.612224 0.351074 0.898926
-0.0432474 0.0981711 -0.157261 -0.171034 0.300833 -0.938215 0.342285 0.888184
-0.0432474 0.0981711 -0.12716 -0.171033 0.300833 0.938215 0.351074 0.888184
-0.0432474 0.0981711 -0.157261 -0.171034 0.300833 -0.938215 0.342285 0.888184
-6.06813e-09 0.108535 -0.157261 0 0.310097 -0.950705 0.342285 0.876465
-0.0432474 0.0981711 -0.12716 -0.171033 0.300833 0.938215 0.351074 0.888184
-0.0432474 0.0981711 -0.12716 -0.171033 0.300833 0.938215 0.351074 0.888184
-6.06813e-09 0.108535 -0.157261 0 0.310097 -0.950705 0.342285 0.876465
-6.06813e-09 0.108535 -0.12716 0 0.310097 0.950705 0.351074 0.876465
-6.06813e-09 0.108535 -0.157261 0 0.310097 -0.950705 0.342285 0.876465
0.0432474 0.0981711 -0.157261 0.171034 0.300833 -0.938215 0.342285 0.888184
-6.06813e-09 0.108535 -0.12716 0 0.310097 0.950705 0.351074 0.876465
-6.06813e-09 0.108535 -0.12716 0 0.310097 0.950705 0.351074 0.876465
0.0432474 0.0981711 -0.157261 0.171034 0.300833 -0.938215 0.342285 0.888184
0.0432474 0.0981711 -0.12716 0.171033 0.300833 0.938215 0.351074 0.888184
0.0432474 0.0981711 -0.157261 0.171034 0.300833 -0.938215 0.342285 0.888184
0.0700016 0.0687369 -0.157261 0.780719 0.125144 -0.612224 0.342285 0.898926
0.0432474 0.0981711 -0.12716 0.171033 0.300833 0.938215 0.351074 0.888184
0.0432474 0.0981711 -0.12716 0.171033 0.300833 0.938215 0.351074 0.888184
0.0700016 0.0687369 -0.157261 0.780719 0.125144 -0.612224 0.342285 0.898926
0.0700016 0.0687369 -0.12716 0.780718 0.125144 0.612224 0.351074 0.898926
0.0700016 0.0687369 -0.157261 0.780719 0.125144 -0.612224 0.342285 0.898926
0.0700016 -0.068737 -0.157261 0.864036 -0.138499 -0.484005 0.342285 0.929199
0.0700016 0.0687369 -0.12716 0.780718 0.125144 0.612224 0.351074 0.898926
0.0700016 0.0687369 -0.12716 0.780718 0.125144 0.612224 0.351074 0.898926
0.0700016 -0.068737 -0.157261 0.864036 -0.138499 -0.484005 0.342285 0.929199
0.0700016 -0.068737 -0.12716 0.864036 -0.138499 0.484005 0.351074 0.929199
0.0432474 -0.0981712 -0.157261 0.189881 -0.333984 -0.923255 0.285645 0.958496
0.0432474 0.0981711 -0.157261 0.171034 0.300833 -0.938215 0.285645 0.900879
-6.06813e-09 -0.108535 -0.157261 5.67383e-08 -0.334399 -0.942432 0.272949 0.961426
-0.0432474 0.0981711 -0.157261 -0.171034 0.300833 -0.938215 0.260254 0.900879
-0.0432474 -0.0981712 -0.157261 -0.18988 -0.333984 -0.923255 0.260254 0.958496
-6.06813e-09 -0.108535 -0.157261 5.67383e-08 -0.334399 -0.942432 0.272949 0.961426
-0.0432474 -0.0981712 -0.157261 -0.18988 -0.333984 -0.923255 0.260254 0.958496
-0.0700016 0.0687369 -0.157261 -0.780718 0.125144 -0.612224 0.252441 0.909668
-0.0700016 -0.068737 -0.157261 -0.864035 -0.138499 -0.484005 0.252441 0.949707
-0.0432474 -0.0981712 -0.157261 -0.18988 -0.333984 -0.923255 0.260254 0.958496
-0.0432474 0.0981711 -0.157261 -0.171034 0.300833 -0.938215 0.260254 0.900879
-0.0700016 0.0687369 -0.157261 -0.780718 0.125144 -0.612224 0.252441 0.909668
-6.06813e-09 0.108535 -0.157261 0 0.310097 -0.950705 0.272949 0.897949
-0.0432474 0.0981711 -0.157261 -0.171034 0.300833 -0.938215 0.260254 0.900879
-6.06813e-09 -0.108535 -0.157261 5.67383e-08 -0.334399 -0.942432 0.272949 0.961426
0.0432474 0.0981711 -0.157261 0.171034 0.300833 -0.938215 0.285645 0.900879
-6.06813e-09 0.108535 -0.157261 0 0.310097 -0.950705 0.272949 0.897949
-6.06813e-09 -0.108535 -0.157261 5.67383e-08 -0.334399 -0.942432 0.272949 0.961426
0.0432474 0.0981711 -0.157261 0.171034 0.300833 -0.938215 0.285645 0.900879
0.0432474 -0.0981712 -0.157261 0.189881 -0.333984 -0.923255 0.285645 0.958496
0.0700016 0.0687369 -0.157261 0.780719 0.125144 -0.612224 0.293457 0.909668
0.0700016 0.0687369 -0.157261 0.780719 0.125144 -0.612224 0.293457 0.909668
0.0432474 -0.0981712 -0.157261 0.189881 -0.333984 -0.923255 0.285645 0.958496
0.0700016 -0.068737 -0.157261 0.864036 -0.138499 -0.484005 0.293457 0.949707
0.0432474 -0.0981712 -0.12716 0.189882 -0.333984 0.923255 0.32959 0.958496
0.0700016 0.0687369 -0.12716 0.780718 0.125144 0.612224 0.337402 0.909668
0.0700016 -0.068737 -0.12716 0.864036 -0.138499 0.484005 0.337402 0.949707
-0.0700016 0.0687369 -0.12716 -0.780718 0.125144 0.612224 0.296387 0.909668
-0.0432474 -0.0981712 -0.12716 -0.189881 -0.333984 0.923255 0.304199 0.958496
-0.0700016 -0.068737 -0.12716 -0.864035 -0.138499 0.484005 0.296387 0.949707
-0.0432474 0.0981711 -0.12716 -0.171033 0.300833 0.938215 0.304199 0.900879
-0.0432474 -0.0981712 -0.12716 -0.189881 -0.333984 0.923255 0.304199 0.958496
-0.0700016 0.0687369 -0.12716 -0.780718 0.125144 0.612224 0.296387 0.909668
-0.0432474 -0.0981712 -0.12716 -0.189881 -0.333984 0.923255 0.304199 0.958496
-0.0432474 0.0981711 -0.12716 -0.171033 0.300833 0.938215 0.304199 0.900879
-6.06813e-09 -0.108535 -0.12716 1.27191e-07 -0.334399 0.942432 0.316895 0.961426
-0.0432474 0.0981711 -0.12716 -0.171033 0.300833 0.938215 0.304199 0.900879
-6.06813e-09 0.108535 -0.12716 0 0.310097 0.950705 0.316895 0.897949
-6.06813e-09 -0.108535 -0.12716 1.27191e-07 -0.334399 0.942432 0.316895 0.961426
-6.06813e-09 0.108535 -0.12716 0 0.310097 0.950705 0.316895 0.897949
0.0432474 0.0981711 -0.12716 0.171033 0.300833 0.938215 0.32959 0.900879
-6.06813e-09 -0.108535 -0.12716 1.27191e-07 -0.334399 0.942432 0.316895 0.961426
0.0432474 0.0981711 -0.12716 0.171033 0.300833 0.938215 0.32959 0.900879
0.0432474 -0.0981712 -0.12716 0.189882 -0.333984 0.923255 0.32959 0.958496
-6.06813e-09 -0.108535 -0.12716 1.27191e-07 -0.334399 0.942432 0.316895 0.961426
0.0432474 -0.0981712 -0.12716 0.189882 -0.333984 0.923255 0.32959 0.958496
0.0432474 0.0981711 -0.12716 0.171033 0.300833 0.938215 0.32959 0.900879
0.0700016 0.0687369 -0.12716 0.780718 0.125144 0.612224 0.337402 0.909668
-6.06813e-09 0.0430632 -0.129933 0 1 -0 0.376465 0.933105
0.0271851 0.0215316 -0.129933 0.9217 0.387903 -0 0.376465 0.941895
-6.06813e-09 0.0430632 -0.0927258 0 0.833143 0.553058 0.38623 0.933105
-6.06813e-09 0.0430632 -0.0927258 0 0.833143 0.553058 0.38623 0.933105
0.0271851 0.0215316 -0.129933 0.9217 0.387903 -0 0.376465 0.941895
0.0271851 0.0215316 -0.0927258 0.796093 0.335041 0.503968 0.38623 0.941895
-6.06813e-09 0.0430632 -0.0927258 0 0.833143 0.553058 0.251465 0.876465
0.0271851 0.0215316 -0.0927258 0.796093 0.335041 0.503968 0.258301 0.876465
-6.06813e-09 -0.0430632 -0.0927258 0 -0.901991 0.431754 0.251465 0.890137
0.0271851 0.0215316 -0.0927258 0.796093 0.335041 0.503968 0.38623 0.941895
0.0271851 0.0215316 -0.129933 0.9217 0.387903 -0 0.376465 0.941895
0.0271851 -0.0215316 -0.0927258 0.877797 -0.369426 0.304954 0.38623 0.95166
0.0271851 -0.0215316 -0.0927258 0.877797 -0.369426 0.304954 0.38623 0.95166
0.0271851 0.0215316 -0.129933 0.9217 0.387903 -0 0.376465 0.941895
0.0271851 -0.0215316 -0.129933 0.9217 -0.387903 -0 0.376465 0.95166
-6.06813e-09 -0.0430632 -0.129933 0 -1 -0 0.376465 0.961426
-6.06813e-09 -0.0430632 -0.0927258 0 -0.901991 0.431754 0.38623 0.961426
0.0271851 -0.0215316 -0.129933 0.9217 -0.387903 -0 0.376465 0.95166
0.0271851 -0.0215316 -0.129933 0.9217 -0.387903 -0 0.376465 0.95166
-6.06813e-09 -0.0430632 -0.0927258 0 -0.901991 0.431754 0.38623 0.961426
0.0271851 -0.0215316 -0.0927258 0.877797 -0.369426 0.304954 0.38623 0.95166
-6.06813e-09 -0.0430632 -0.0927258 0 -0.901991 0.431754 0.251465 0.890137
0.0271851 0.0215316 -0.0927258 0.796093 0.335041 0.503968 0.258301 0.876465
0.0271851 -0.0215316 -0.0927258 0.877797 -0.369426 0.304954 0.258301 0.890137
-6.06813e-09 0.0430632 -0.129933 0 1 -0 0.376465 0.933105
-6.06813e-09 0.0430632 -0.0927258 0 0.833143 0.553058 0.38623 0.933105
-0.0271851 0.0215316 -0.129933 -0.9217 0.387903 -0 0.376465 0.941895
-0.0271851 0.0215316 -0.129933 -0.9217 0.387903 -0 0.376465 0.941895
-6.06813e-09 0.0430632 -0.0927258 0 0.833143 0.553058 0.38623 0.933105
-0.0271851 0.0215316 -0.0927258 -0.796093 0.335041 0.503968 0.38623 0.941895
-6.06813e-09 0.0430632 -0.0927258 0 0.833143 0.553058 0.251465 0.876465
-6.06813e-09 -0.0430632 -0.0927258 0 -0.901991 0.431754 0.251465 0.890137
-0.0271851 0.0215316 -0.0927258 -0.796093 0.335041 0.503968 0.258301 0.876465
-0.0271851 0.0215316 -0.0927258 -0.796093 0.335041 0.503968 0.38623 0.941895
-0.0271851 -0.0215316 -0.0927258 -0.877797 -0.369426 0.304954 0.38623 0.95166
-0.0271851 0.0215316 -0.129933 -0.9217 0.387903 -0 0.376465 0.941895
-0.0271851 0.0215316 -0.129933 -0.9217 0.387903 -0 0.376465 0.941895
-0.0271851 -0.0215316 -0.0927258 -0.877797 -0.369426 0.304954 0.38623 0.95166
-0.0271851 -0.0215316 -0.129933 -0.9217 -0.387903 -0 0.376465 0.95166
-6.06813e-09 -0.0430632 -0.129933 0 -1 -0 0.376465 0.961426
-0.0271851 -0.0215316 -0.129933 -0.9217 -0.387903 -0 0.376465 0.95166
-6.06813e-09 -0.0430632 -0.0927258 0 -0.901991 0.431754 0.38623 0.961426
-6.06813e-09 -0.0430632 -0.0927258 0 -0.901991 0.431754 0.38623 0.961426
-0.0271851 -0.0215316 -0.129933 -0.9217 -0.387903 -0 0.376465 0.95166
-0.0271851 -0.0215316 -0.0927258 -0.877797 -0.369426 0.304954 0.38623 0.95166
-6.06813e-09 -0.0430632 -0.0927258 0 -0.901991 0.431754 0.251465 0.890137
-0.0271851 -0.0215316 -0.0927258 -0.877797 -0.369426 0.304954 0.258301 0.890137
-0.0271851 0.0215316 -0.0927258 -0.796093 0.335041 0.503968 0.258301 0.876465
-6.06813e-09 0.0323797 -0.0959976 0 0.999999 0.00104265 0.38916 0.933105
0.0206005 0.0161898 -0.0959976 0.920042 0.39182 0.000408532 0.38916 0.941895
-6.06813e-09 0.0319857 0.0929352 3.11727e-08 1 0.00104265 0.436035 0.933105
-6.06813e-09 0.0319857 0.0929352 3.11727e-08 1 0.00104265 0.436035 0.933105
0.0206005 0.0161898 -0.0959976 0.920042 0.39182 0.000408532 0.38916 0.941895
0.0206005 0.0161898 0.0929352 0.920042 0.39182 0.000408532 0.436035 0.941895
0.0206005 0.0161898 0.0929352 0.920042 0.39182 0.000408532 0.436035 0.941895
0.0206005 0.0161898 -0.0959976 0.920042 0.39182 0.000408532 0.38916 0.941895
0.0206005 -0.0161899 0.0929352 0.920614 -0.390473 -0 0.436035 0.95166
0.0206005 -0.0161899 0.0929352 0.920614 -0.390473 -0 0.436035 0.95166
0.0206005 0.0161898 -0.0959976 0.920042 0.39182 0.000408532 0.38916 0.941895
0.0206005 -0.0161899 -0.0959976 0.920614 -0.390473 -0 0.38916 0.95166
-6.06813e-09 -0.0323798 -0.0959976 -3.11979e-08 -1 -0 0.38916 0.961426
-6.06813e-09 -0.0323798 0.0929352 -3.11979e-08 -1 -0 0.436035 0.961426
0.0206005 -0.0161899 -0.0959976 0.920614 -0.390473 -0 0.38916 0.95166
0.0206005 -0.0161899 -0.0959976 0.920614 -0.390473 -0 0.38916 0.95166
-6.06813e-09 -0.0323798 0.0929352 -3.11979e-08 -1 -0 0.436035 0.961426
0.0206005 -0.0161899 0.0929352 0.920614 -0.390473 -0 0.436035 0.95166
-6.06813e-09 0.0323797 -0.0959976 0 0.999999 0.00104265 0.38916 0.933105
-6.06813e-09 0.0319857 0.0929352 3.11727e-08 1 0.00104265 0.436035 0.933105
-0.0206005 0.0161898 -0.0959976 -0.920042 0.39182 0.000408532 0.38916 0.941895
-0.0206005 0.0161898 -0.0959976 -0.920042 0.39182 0.000408532 0.38916 0.941895
-6.06813e-09 0.0319857 0.0929352 3.11727e-08 1 0.00104265 0.436035 0.933105
-0.0206005 0.0161898 0.0929352 -0.920042 0.39182 0.000408532 0.436035 0.941895
-0.0206005 0.0161898 0.0929352 -0.920042 0.39182 0.000408532 0.436035 0.941895
-0.0206005 -0.0161899 0.0929352 -0.920614 -0.390473 -0 0.436035 0.95166
-0.0206005 0.0161898 -0.0959976 -0.920042 0.39182 0.000408532 0.38916 0.941895
-0.0206005 0.0161898 -0.0959976 -0.920042 0.39182 0.000408532 0.38916 0.941895
-0.0206005 -0.0161899 0.0929352 -0.920614 -0.390473 -0 0.436035 0.95166
-0.0206005 -0.0161899 -0.0959976 -0.920614 -0.390473 -0 0.38916 0.95166
-6.06813e-09 -0.0323798 -0.0959976 -3.11979e-08 -1 -0 0.38916 0.961426
-0.0206005 -0.0161899 -0.0959976 -0.920614 -0.390473 -0 0.38916 0.95166
-6.06813e-09 -0.0323798 0.0929352 -3.11979e-08 -1 -0 0.436035 0.961426
-6.06813e-09 -0.0323798 0.0929352 -3.11979e-08 -1 -0 0.436035 0.961426
-0.0206005 -0.0161899 -0.0959976 -0.920614 -0.390473 -0 0.38916 0.95166
-0.0206005 -0.0161899 0.0929352 -0.920614 -0.390473 -0 0.436035 0.95166
-6.06813e-09 0.0396815 0.0893032 0 0.691963 -0.721933 0.26123 0.876465
-6.06813e-09 -0.0396815 0.0893032 0 -0.799112 -0.601182 0.26123 0.890137
0.0250503 0.0198407 0.0893032 0.679305 0.28589 -0.675878 0.268066 0.876465
0.0250503 0.0198407 0.0893032 0.679305 0.28589 -0.675878 0.268066 0.876465
-6.06813e-09 -0.0396815 0.0893032 0 -0.799112 -0.601182 0.26123 0.890137
0.0250503 -0.0198408 0.0893032 0.823317 -0.346499 -0.449542 0.268066 0.890137
-6.06813e-09 0.0396815 0.0893032 0 0.691963 -0.721933 0.438965 0.933105
0.0250503 0.0198407 0.0893032 0.679305 0.28589 -0.675878 0.438965 0.941895
-6.06813e-09 0.0396815 0.111118 0 1 -0 0.444824 0.933105
-6.06813e-09 0.0396815 0.111118 0 1 -0 0.444824 0.933105
0.0250503 0.0198407 0.0893032 0.679305 0.28589 -0.675878 0.438965 0.941895
0.0250503 0.0198407 0.111118 0.9217 0.387904 -0 0.444824 0.941895
0.0250503 0.0198407 0.111118 0.9217 0.387904 -0 0.444824 0.941895
0.0250503 0.0198407 0.0893032 0.679305 0.28589 -0.675878 0.438965 0.941895
0.0250503 -0.0198408 0.111118 0.9217 -0.387904 -0 0.444824 0.95166
0.0250503 -0.0198408 0.111118 0.9217 -0.387904 -0 0.444824 0.95166
0.0250503 0.0198407 0.0893032 0.679305 0.28589 -0.675878 0.438965 0.941895
0.0250503 -0.0198408 0.0893032 0.823317 -0.346499 -0.449542 0.438965 0.95166
-6.06813e-09 -0.0396815 0.0893032 0 -0.799112 -0.601182 0.438965 0.961426
-6.06813e-09 -0.0396815 0.111118 0 -1 -0 0.444824 0.961426
0.0250503 -0.0198408 0.0893032 0.823317 -0.346499 -0.449542 0.438965 0.95166
0.0250503 -0.0198408 0.0893032 0.823317 -0.346499 -0.449542 0.438965 0.95166
-6.06813e-09 -0.0396815 0.111118 0 -1 -0 0.444824 0.961426
0.0250503 -0.0198408 0.111118 0.9217 -0.387904 -0 0.444824 0.95166
-6.06813e-09 0.0396815 0.0893032 0 0.691963 -0.721933 0.26123 0.876465
-0.0250504 0.0198407 0.0893032 -0.679305 0.28589 -0.675878 0.268066 0.876465
-6.06813e-09 -0.0396815 0.0893032 0 -0.799112 -0.601182 0.26123 0.890137
-0.0250504 0.0198407 0.0893032 -0.679305 0.28589 -0.675878 0.268066 0.876465
-0.0250504 -0.0198408 0.0893032 -0.823317 -0.346499 -0.449542 0.268066 0.890137
-6.06813e-09 -0.0396815 0.0893032 0 -0.799112 -0.601182 0.26123 0.890137
-6.06813e-09 0.0396815 0.0893032 0 0.691963 -0.721933 0.438965 0.933105
-6.06813e-09 0.0396815 0.111118 0 1 -0 0.444824 0.933105
-0.0250504 0.0198407 0.0893032 -0.679305 0.28589 -0.675878 0.438965 0.941895
-0.0250504 0.0198407 0.0893032 -0.679305 0.28589 -0.675878 0.438965 0.941895
-6.06813e-09 0.0396815 0.111118 0 1 -0 0.444824 0.933105
-0.0250504 0.0198407 0.111118 -0.9217 0.387904 -0 0.444824 0.941895
-0.0250504 0.0198407 0.111118 -0.9217 0.387904 -0 0.444824 0.941895
-0.0250504 -0.0198408 0.111118 -0.9217 -0.387904 -0 0.444824 0.95166
-0.0250504 0.0198407 0.0893032 -0.679305 0.28589 -0.675878 0.438965 0.941895
-0.0250504 0.0198407 0.0893032 -0.679305 0.28589 -0.675878 0.438965 0.941895
-0.0250504 -0.0198408 0.111118 -0.9217 -0.387904 -0 0.444824 0.95166
-0.0250504 -0.0198408 0.0893032 -0.823317 -0.346499 -0.449542 0.438965 0.95166
-6.06813e-09 -0.0396815 0.0893032 0 -0.799112 -0.601182 0.438965 0.961426
-0.0250504 -0.0198408 0.0893032 -0.823317 -0.346499 -0.449542 0.438965 0.95166
-6.06813e-09 -0.0396815 0.111118 0 -1 -0 0.444824 0.961426
-6.06813e-09 -0.0396815 0.111118 0 -1 -0 0.444824 0.961426
-0.0250504 -0.0198408 0.0893032 -0.823317 -0.346499 -0.449542 0.438965 0.95166
-0.0250504 -0.0198408 0.111118 -0.9217 -0.387904 -0 0.444824 0.95166
-6.06813e-09 0.0464728 0.107747 -6.17159e-08 0.893906 -0.448254 0.270996 0.876465
-6.06813e-09 -0.0464729 0.107747 -3.22981e-08 -0.935626 -0.352994 0.270996 0.890137
0.0293679 0.0232364 0.107747 0.84513 0.353151 -0.401298 0.277832 0.876465
0.0293679 0.0232364 0.107747 0.84513 0.353151 -0.401298 0.277832 0.876465
-6.06813e-09 -0.0464729 0.107747 -3.22981e-08 -0.935626 -0.352994 0.270996 0.890137
0.0293679 -0.0232365 0.107747 0.892997 -0.373153 -0.25162 0.277832 0.890137
0.0293679 0.0232364 0.107747 0.84513 0.353151 -0.401298 0.447754 0.941895
0.0313534 0.0248329 0.164416 0.848997 0.360282 0.386524 0.460449 0.941895
-6.06813e-09 0.0464728 0.107747 -6.17159e-08 0.893906 -0.448254 0.447754 0.933105
-6.06813e-09 0.0464728 0.107747 -6.17159e-08 0.893906 -0.448254 0.447754 0.933105
0.0313534 0.0248329 0.164416 0.848997 0.360282 0.386524 0.460449 0.941895
-6.06813e-09 0.0496659 0.164416 -9.13469e-08 0.903352 0.4289 0.460449 0.933105
-6.06813e-09 0.0496659 0.164416 -9.13469e-08 0.903352 0.4289 0.280762 0.876465
0.0313534 0.0248329 0.164416 0.848997 0.360282 0.386524 0.287598 0.876465
-6.06813e-09 -0.049666 0.164416 -6.86117e-08 -0.950557 0.310551 0.280762 0.890137
0.0313534 0.0248329 0.164416 0.848997 0.360282 0.386524 0.460449 0.941895
0.0293679 0.0232364 0.107747 0.84513 0.353151 -0.401298 0.447754 0.941895
0.0313534 -0.024833 0.164416 0.900813 -0.382271 0.205925 0.460449 0.95166
0.0313534 -0.024833 0.164416 0.900813 -0.382271 0.205925 0.460449 0.95166
0.0293679 0.0232364 0.107747 0.84513 0.353151 -0.401298 0.447754 0.941895
0.0293679 -0.0232365 0.107747 0.892997 -0.373153 -0.25162 0.447754 0.95166
-6.06813e-09 -0.049666 0.164416 -6.86117e-08 -0.950557 0.310551 0.460449 0.961426
0.0313534 -0.024833 0.164416 0.900813 -0.382271 0.205925 0.460449 0.95166
-6.06813e-09 -0.0464729 0.107747 -3.22981e-08 -0.935626 -0.352994 0.447754 0.961426
-6.06813e-09 -0.0464729 0.107747 -3.22981e-08 -0.935626 -0.352994 0.447754 0.961426
0.0313534 -0.024833 0.164416 0.900813 -0.382271 0.205925 0.460449 0.95166
0.0293679 -0.0232365 0.107747 0.892997 -0.373153 -0.25162 0.447754 0.95166
-6.06813e-09 -0.049666 0.164416 -6.86117e-08 -0.950557 0.310551 0.280762 0.890137
0.0313534 0.0248329 0.164416 0.848997 0.360282 0.386524 0.287598 0.876465
0.0313534 -0.024833 0.164416 0.900813 -0.382271 0.205925 0.287598 0.890137
-6.06813e-09 0.0464728 0.107747 -6.17159e-08 0.893906 -0.448254 0.270996 0.876465
-0.0293679 0.0232364 0.107747 -0.84513 0.353151 -0.401298 0.277832 0.876465
-6.06813e-09 -0.0464729 0.107747 -3.22981e-08 -0.935626 -0.352994 0.270996 0.890137
-0.0293679 0.0232364 0.107747 -0.84513 0.353151 -0.401298 0.277832 0.876465
-0.0293679 -0.0232365 0.107747 -0.892997 -0.373153 -0.25162 0.277832 0.890137
-6.06813e-09 -0.0464729 0.107747 -3.22981e-08 -0.935626 -0.352994 0.270996 0.890137
-6.06813e-09 0.0496659 0.164416 -9.13469e-08 0.903352 0.4289 0.460449 0.933105
-0.0313534 0.0248329 0.164416 -0.848997 0.360283 0.386524 0.460449 0.941895
-6.06813e-09 0.0464728 0.107747 -6.17159e-08 0.893906 -0.448254 0.447754 0.933105
-6.06813e-09 0.0464728 0.107747 -6.17159e-08 0.893906 -0.448254 0.447754 0.933105
-0.0313534 0.0248329 0.164416 -0.848997 0.360283 0.386524 0.460449 0.941895
-0.0293679 0.0232364 0.107747 -0.84513 0.353151 -0.401298 0.447754 0.941895
-6.06813e-09 0.0496659 0.164416 -9.13469e-08 0.903352 0.4289 0.280762 0.876465
-6.06813e-09 -0.049666 0.164416 -6.86117e-08 -0.950557 0.310551 0.280762 0.890137
-0.0313534 0.0248329 0.164416 -0.848997 0.360283 0.386524 0.287598 0.876465
-0.0313534 0.0248329 0.164416 -0.848997 0.360283 0.386524 0.460449 0.941895
-0.0313534 -0.024833 0.164416 -0.900813 -0.382271 0.205926 0.460449 0.95166
-0.0293679 0.0232364 0.107747 -0.84513 0.353151 -0.401298 0.447754 0.941895
-0.0293679 0.0232364 0.107747 -0.84513 0.353151 -0.401298 0.447754 0.941895
-0.0313534 -0.024833 0.164416 -0.900813 -0.382271 0.205926 0.460449 0.95166
-0.0293679 -0.0232365 0.107747 -0.892997 -0.373153 -0.25162 0.447754 0.95166
-0.0293679 -0.0232365 0.107747 -0.892997 -0.373153 -0.25162 0.447754 0.95166
-0.0313534 -0.024833 0.164416 -0.900813 -0.382271 0.205926 0.460449 0.95166
-6.06813e-09 -0.0464729 0.107747 -3.22981e-08 -0.935626 -0.352994 0.447754 0.961426
-6.06813e-09 -0.0464729 0.107747 -3.22981e-08 -0.935626 -0.352994 0.447754 0.961426
-0.0313534 -0.024833 0.164416 -0.900813 -0.382271 0.205926 0.460449 0.95166
-6.06813e-09 -0.049666 0.164416 -6.86117e-08 -0.950557 0.310551 0.460449 0.961426
-6.06813e-09 -0.049666 0.164416 -6.86117e-08 -0.950557 0.310551 0.280762 0.890137
-0.0313534 -0.024833 0.164416 -0.900813 -0.382271 0.205926 0.287598 0.890137
-0.0313534 0.0248329 0.164416 -0.848997 0.360283 0.386524 0.287598 0.876465
material
0 0 0 0
1 1 1 1
0 0 0 0
texture assets\lowpoly\tex1_body.tga
